,names,pca1,pca2
0,jNLU,-1.0046840290636911,-1.608012803427513
1,9cNz,-1.0858705636450874,2.080113574136383
2,j3E6,-0.6368951269904979,-0.08092951811625666
3,ynV9,-0.8763929347470477,-0.2459705901450618
4,gTPD,-1.661536090119307,0.04394017963636409
5,ZLuf,-1.282340775626423,-0.029439387502271708
6,oSx5,-1.4328052063382,-1.1845309220929852
7,iVFh,-0.6955568889611758,0.9082527611627016
8,l9Xh,1.032573138828392,-0.9899035283164739
9,uZKa,-1.1949521542293853,-1.1551617387122726
10,H3AN,0.49646093099366284,0.05689636428368263
11,SGKE,-0.2086256076271245,0.5940007410320186
12,i8Ac,-0.17531843470986805,0.25918315795991687
13,sVM5,1.856723216800762,-1.0691422693449586
14,QM8a,1.3821297663668346,0.09311040448621785
15,GjsS,1.5398359074416228,1.2437641053671213
16,XUdc,0.4017806329378178,1.4737709062581772
17,WkIl,1.43019886421911,0.16329304655010998
18,C1ID,1.2972495003658011,0.4600465508931961
19,zHYQ,-0.5149345416820102,1.5699110858186986
20,CRAD,1.463822579181763,-0.9014627016919592
21,mtdF,-0.9998051214200182,0.3727624357801309
22,rU05,-0.143412622478126,-0.2562424513689045
23,dadY,0.3208276898792914,-1.3026334039189325
24,9KYn,-0.01212182385159059,-1.226802488109758
25,AnSN,0.7036496944745,0.7311864893826324
27,all4,3.656745810638581,0.8442395217945947
28,all3,1.5430391377781005,0.0962862382328418
29,all2,-0.5706675350823792,-0.6516670453289112
30,all1,-2.684374207942859,-1.3996203288906643
31,all0,-4.798080880803339,-2.1475736124524176
